000000000 0 0 000000000
000000002 1 2 00004FD18
000000004 2 1 0000B952B
000000006 3 2 0000DB293
000000008 4 0 000100F35
0000000010 5 1 00015C618
0000000012 6 1 07BFA5582
0000000014 7 2 0342A231C
0000000016 8 2 06A561381
0000000018 9 0 047E0B503
0000000020 10 1 052CEE7A4
000000084 11 0 05D940928
0000000104 0 0 0570D2CA3
0000000118 1 1 0437AE385
0000000126 2 2 02754BD2F
0000000144 3 1 061627A86
0000000158 4 2 07FAD5431
000000174 5 1 062D60904
000000192 6 0 01CF2561C
000000256 7 0 05F829C30
000000458 8 0 07E663A26
000001000 9 1 006EAAAA1


